[[0.6732599  0.29081252 0.03592758 0.25982854 0.7401715  0.19531263 0.8046874  0.15315259 0.5064983  0.34034914]
[[0.6922061  0.26218054 0.04561334 0.24155048 0.75844955 0.19210136 0.80789864 0.15586326 0.5106701  0.3334666 ]

 [0.55508155 0.40151194 0.04340653 0.06804261 0.9319574  0.15046443 0.8495356  0.06946141 0.48020566 0.450333  ]
 [0.56658226 0.3832277  0.05019    0.05545074 0.94454926 0.1337622 0.8662378  0.06982379 0.48074958 0.44942665]

 [0.67910147 0.27579528 0.04510321 0.16081367 0.8391864  0.19079888 0.8092012  0.11349145 0.4947281  0.3917804 ]
 [0.70145345 0.24616276 0.05238382 0.14505215 0.85494787 0.17851731 0.8214827  0.11906961 0.4960585  0.38487187]

 [0.6795007  0.28989568 0.03060363 0.22396423 0.7760358  0.18958375 0.8104163  0.12073789 0.51345557 0.3658066 ]
 [0.71141493 0.24842708 0.04015796 0.20688078 0.79311925 0.17947635 0.8205236  0.1247891  0.5179079  0.3573029 ]

 [0.6590315  0.2740766  0.06689193 0.1971832  0.8028168  0.18354452 0.81645554 0.10845418 0.499326   0.39221984]
 [0.672169   0.25641856 0.07141241 0.17337313 0.82662684 0.17492202 0.82507795 0.11273387 0.5002953  0.38697076]

 [0.6576761  0.3155304  0.02679357 0.2861097  0.7138903  0.19912374 0.8008763  0.17835438 0.51335573 0.30828992]
 [0.68334746 0.28074136 0.03591119 0.2760301  0.72396994 0.19648312 0.80351686 0.18092209 0.5206247  0.29845315]

 [0.6243498  0.33177432 0.04387592 0.15992692 0.8400731  0.1796423 0.82035774 0.10222943 0.49911213 0.3986584 ]
 [0.6535171  0.2946902  0.05179265 0.14747816 0.85252184 0.16380793 0.83619213 0.10489219 0.50503117 0.3900766 ]
 
 [0.6216128  0.3555461  0.02284113 0.27379185 0.7262082  0.18862134 0.81137866 0.13235871 0.5417953  0.3258459 ]
 [0.6585062  0.3075792  0.03391464 0.2693809  0.7306191  0.18214181 0.8178582  0.13520217 0.55037975 0.31441814]
 
 [0.77841514 0.17436047 0.04722442 0.2735915  0.72640854 0.23439227 0.7656078  0.2574158  0.43204516 0.31053907]
 [0.78449804 0.16348426 0.05201765 0.26272592 0.7372741  0.2397931 0.7602068  0.25437397 0.44610986 0.2995162 ]

 [0.63255304 0.28857332 0.07887361 0.08533908 0.91466093 0.17621495 0.82378507 0.10957297 0.46138403 0.42904302]
 [0.6221749  0.2883023  0.08952281 0.07605334 0.9239467  0.1670115 0.8329885  0.11164588 0.46127805 0.42707613]

 [0.73754    0.19096072 0.07149932 0.1673742  0.8326258  0.20983775 0.79016227 0.16134003 0.48210377 0.35655627]
 [0.7492865  0.17462224 0.07609125 0.16020748 0.8397925  0.20445581 0.7955442  0.16553293 0.4822741  0.35219297]

 [0.7646406  0.18946867 0.04589075 0.24167466 0.75832534 0.22372529 0.77627474 0.18242393 0.4907544  0.32682168]
 [0.78080076 0.16498843 0.05421087 0.22563212 0.7743679  0.21990871 0.7800913  0.18557595 0.4932946  0.32112944]

 [0.7309277  0.14593522 0.12313712 0.19830059 0.8016994  0.22172664 0.7782734  0.17725508 0.45461714 0.36812776]
 [0.72229666 0.16056643 0.11713687 0.18282336 0.81717664 0.21972753 0.7802725  0.1787908  0.45913616 0.36207303]

 [0.7572504  0.1750726  0.06767699 0.31011012 0.6898899  0.24929078 0.75070924 0.29905242 0.4542932  0.2466544 ]
 [0.75787157 0.1694411  0.07268731 0.3113519  0.6886481  0.25707394 0.74292606 0.28462368 0.47543275 0.23994362]

 [0.708362   0.1770998  0.11453824 0.1557129  0.8442871  0.22759227 0.7724077  0.1903046  0.4509046  0.35879079]
 [0.70496935 0.1831007  0.11192997 0.14638692 0.8536131  0.22485256 0.77514744 0.19159266 0.4543104  0.35409695]

 [0.75294954 0.20313814 0.04391228 0.2749045  0.7250955  0.24158937 0.7584107  0.24275558 0.48489013 0.27235427]]
 [0.76012564 0.18743487 0.05243947 0.27261993 0.72738004 0.23695621 0.76304376 0.2391435  0.4944672  0.26638928]]